Cumulative_Onset,Condition_Number_Code,Duration,Weight
33,2,9,1
42,2,9,1
51,2,9,1
60,1,9,1
69,2,9,1
78,2,9,1
87,2,9,1
96,2,9,1
105,2,9,1
114,1,9,1
123,1,9,1
132,1,9,1
141,1,9,1
150,2,9,1
159,2,9,1
168,2,9,1
177,1,9,1
186,1,9,1
195,2,9,1
204,2,9,1
213,2,9,1
222,2,9,1
231,2,9,1
240,2,9,1
249,1,9,1
258,2,9,1
267,2,9,1
276,1,9,1
285,2,9,1
294,2,9,1
303,1,9,1
312,2,9,1
321,2,9,1
330,1,9,1
339,1,9,1
348,1,9,1
357,2,9,1
366,2,9,1
375,1,9,1
384,2,9,1
393,2,9,1
402,1,9,1
411,1,9,1
420,2,9,1
429,2,9,1
438,2,9,1
447,2,9,1
456,2,9,1
465,2,9,1
474,2,9,1
483,2,9,1
492,2,9,1
501,1,9,1
510,2,9,1
519,2,9,1
